T0(1.100000) = 1.000000
T1(1.100000) = 1.100000
T2(1.100000) = 1.420000
T3(1.100000) = 2.024000
